3
BARBAROS
LIBERAL
SOSYALIST
21
1
3
1500
2660
1730
2
4
3500
1660
7730
3
8
87500
14690
30240
4
11
61200
114690
70240
5
10
7500
14690
10240
6
9
9200
31960
23450
7
12
11200
19450
15360
8
8
8200
5050
4010
9
7
7100
3940
3090
10
6
6200
2860
2110
11
5
5200
1790
1070
12
4
4300
940
510
13
3
3200
620
310
14
2
2500
410
210
15
1
1600
190
120
16
2
2100
320
240
17
3
3100
540
430
18
4
4200
730
610
19
5
5300
950
760
20
6
6200
1260
1010
21
12
16200
71260
91010